# Game Level Exporter v1.0
LIGHT
Light
<Matrix 4x4 (-0.2909, -0.0552,  0.9552, 0.0000)
            (-0.7711,  0.6045, -0.1999, 0.0000)
            (-0.5664, -0.7947, -0.2184, 0.0000)
            ( 4.0762,  5.9039,  1.0055, 1.0000)>
CAMERA
Camera
<Matrix 4x4 ( 0.6859,  0.0000,  0.7277, 0.0000)
            (-0.3240,  0.8954,  0.3054, 0.0000)
            (-0.6516, -0.4453,  0.6142, 0.0000)
            ( 7.3589,  4.9583, -6.9258, 1.0000)>
/MESH
Cube_Cube
<Matrix 4x4 (34.6390, 0.0000,  0.0000, 0.0000)
            ( 0.0000, 0.5071, -0.0000, 0.0000)
            ( 0.0000, 0.0000, 34.1859, 0.0000)
            ( 0.0000, 0.0000,  0.0000, 1.0000)>
MESH
Windmill
<Matrix 4x4 (-1.0000, 0.0000,  -0.0000, 0.0000)
            (-0.0000, 1.0000,   0.0000, 0.0000)
            ( 0.0000, 0.0000,  -1.0000, 0.0000)
            (15.8352, 0.0000, -20.0113, 1.0000)>
MESH
Barn
<Matrix 4x4 (-2.0000, 0.0000,  -0.0000, 0.0000)
            (-0.0000, 2.0000,   0.0000, 0.0000)
            ( 0.0000, 0.0000,  -2.0000, 0.0000)
            (-8.4232, 0.5600, -23.4860, 1.0000)>
MESH
Silo
<Matrix 4x4 (-1.0000, 0.0000,  -0.0000, 0.0000)
            (-0.0000, 1.0000,   0.0000, 0.0000)
            ( 0.0000, 0.0000,  -1.0000, 0.0000)
            (12.0728, 0.3375, -27.4197, 1.0000)>
MESH
Fence
<Matrix 4x4 ( -1.0000, 0.0000, -0.0000, 0.0000)
            ( -0.0000, 1.0000,  0.0000, 0.0000)
            (  0.0000, 0.0000, -1.0000, 0.0000)
            (-15.4391, 0.5602, -8.5816, 1.0000)>
MESH
Fence2
<Matrix 4x4 (-0.2134, 0.0000, -0.9770, 0.0000)
            (-0.0000, 1.0000,  0.0000, 0.0000)
            ( 0.9770, 0.0000, -0.2134, 0.0000)
            ( 5.6758, 0.5834, 30.4748, 1.0000)>
MESH
Fence2
<Matrix 4x4 ( 0.1634, 0.0000, -0.9866, 0.0000)
            (-0.0000, 1.0000, -0.0000, 0.0000)
            ( 0.9866, 0.0000,  0.1634, 0.0000)
            ( 5.6758, 0.5834, 24.4028, 1.0000)>
MESH
Fence2
<Matrix 4x4 (-0.2999, 0.0000, -0.9540, 0.0000)
            (-0.0000, 1.0000,  0.0000, 0.0000)
            ( 0.9540, 0.0000, -0.2999, 0.0000)
            ( 5.6758, 0.5834, 17.7689, 1.0000)>
MESH
Fence2
<Matrix 4x4 ( 0.2090, 0.0000, -0.9779, 0.0000)
            (-0.0000, 1.0000, -0.0000, 0.0000)
            ( 0.9779, 0.0000,  0.2090, 0.0000)
            ( 5.6758, 0.5834, 11.3516, 1.0000)>
MESH
Fence2
<Matrix 4x4 (-0.0850, 0.0000, -0.9964, 0.0000)
            (-0.0000, 1.0000,  0.0000, 0.0000)
            ( 0.9964, 0.0000, -0.0850, 0.0000)
            ( 5.6758, 0.5834,  3.6177, 1.0000)>
MESH
Fence2
<Matrix 4x4 ( 0.0000, 0.0000, -1.0000, 0.0000)
            (-0.0000, 1.0000, -0.0000, 0.0000)
            ( 1.0000, 0.0000,  0.0000, 0.0000)
            ( 5.6758, 0.5834, -3.0534, 1.0000)>
LIGHT
Light
<Matrix 4x4 (-0.2909, -0.0552,  0.9552, 0.0000)
            (-0.7711,  0.6045, -0.1999, 0.0000)
            (-0.5664, -0.7947, -0.2184, 0.0000)
            (-4.9030,  5.9039,  1.0055, 1.0000)>
MESH
Fence2
<Matrix 4x4 ( 0.0000, 0.0000, -1.0000, 0.0000)
            (-0.0000, 1.0000, -0.0000, 0.0000)
            ( 1.0000, 0.0000,  0.0000, 0.0000)
            (-3.3034, 0.5834, -3.0534, 1.0000)>
MESH
Fence2
<Matrix 4x4 (-0.0850, 0.0000, -0.9964, 0.0000)
            (-0.0000, 1.0000,  0.0000, 0.0000)
            ( 0.9964, 0.0000, -0.0850, 0.0000)
            (-3.3034, 0.5834,  3.6177, 1.0000)>
MESH
Fence2
<Matrix 4x4 ( 0.2090, 0.0000, -0.9779, 0.0000)
            (-0.0000, 1.0000, -0.0000, 0.0000)
            ( 0.9779, 0.0000,  0.2090, 0.0000)
            (-3.3034, 0.5834, 11.3516, 1.0000)>
MESH
Fence2
<Matrix 4x4 (-0.2999, 0.0000, -0.9540, 0.0000)
            (-0.0000, 1.0000,  0.0000, 0.0000)
            ( 0.9540, 0.0000, -0.2999, 0.0000)
            (-3.3034, 0.5834, 17.7689, 1.0000)>
MESH
Fence2
<Matrix 4x4 ( 0.1634, 0.0000, -0.9866, 0.0000)
            (-0.0000, 1.0000, -0.0000, 0.0000)
            ( 0.9866, 0.0000,  0.1634, 0.0000)
            (-3.3034, 0.5834, 24.4028, 1.0000)>
MESH
Fence2
<Matrix 4x4 (-0.2134, 0.0000, -0.9770, 0.0000)
            (-0.0000, 1.0000,  0.0000, 0.0000)
            ( 0.9770, 0.0000, -0.2134, 0.0000)
            (-3.3034, 0.5834, 30.4748, 1.0000)>
MESH
Apatosaurus
<Matrix 4x4 ( -0.2899, 0.0000, -0.4074, 0.0000)
            ( -0.0000, 0.5000,  0.0000, 0.0000)
            (  0.4074, 0.0000, -0.2899, 0.0000)
            (-19.6924, 1.6306,  0.5033, 1.0000)>
MESH
Parasaurolophus
<Matrix 4x4 (-0.2836, 0.0000, -0.2946, 0.0000)
            (-0.0000, 0.3503,  0.0000, 0.0000)
            ( 0.2969, 0.0000, -0.2859, 0.0000)
            (11.7945, 0.0000, -1.1034, 1.0000)>
MESH
Stegosaurus
<Matrix 4x4 (-0.2911, 0.0000,  0.2872, 0.0000)
            ( 0.0000, 0.3503,  0.0000, 0.0000)
            (-0.2894, 0.0000, -0.2934, 0.0000)
            (-6.8558, 0.0000, 13.0325, 1.0000)>
MESH
Trex
<Matrix 4x4 ( 0.4061, 0.0000, -0.0477, 0.0000)
            (-0.0000, 0.3503, -0.0000, 0.0000)
            ( 0.0481, 0.0000,  0.4093, 0.0000)
            (24.8491, 0.0000,  8.2757, 1.0000)>
MESH
Triceratops
<Matrix 4x4 ( -0.3209, 0.0000, -0.2534, 0.0000)
            ( -0.0000, 0.3503,  0.0000, 0.0000)
            (  0.2554, 0.0000, -0.3235, 0.0000)
            (-15.9054, 0.0000, 12.1264, 1.0000)>
MESH
Velociraptor
<Matrix 4x4 (-0.4089, 0.0000, -0.0000, 0.0000)
            (-0.0000, 0.3503,  0.0000, 0.0000)
            ( 0.0000, 0.0000, -0.4121, 0.0000)
            (-3.6671, 0.0000, -1.1034, 1.0000)>
MESH
Trex
<Matrix 4x4 ( 0.0532, 0.0000, -0.4055, 0.0000)
            (-0.0000, 0.3503, -0.0000, 0.0000)
            ( 0.4086, 0.0000,  0.0536, 0.0000)
            (16.8456, 0.0000,  8.2757, 1.0000)>
MESH
Trex
<Matrix 4x4 (-0.3814, 0.0000,  0.1475, 0.0000)
            ( 0.0000, 0.3503,  0.0000, 0.0000)
            (-0.1486, 0.0000, -0.3844, 0.0000)
            (12.1516, 0.0000, 25.8358, 1.0000)>
MESH
Apatosaurus
<Matrix 4x4 ( -0.4180, 0.0000,  0.2744, 0.0000)
            (  0.0000, 0.5000,  0.0000, 0.0000)
            ( -0.2744, 0.0000, -0.4180, 0.0000)
            (-18.4100, 1.6306, 25.4854, 1.0000)>
MESH
Triceratops
<Matrix 4x4 (-0.4089, 0.0000, -0.0000, 0.0000)
            (-0.0000, 0.3503,  0.0000, 0.0000)
            ( 0.0000, 0.0000, -0.4121, 0.0000)
            (-5.4882, 0.0000, -1.1034, 1.0000)>
MESH
TowerWindmill
<Matrix 4x4 ( -0.7645, 0.0000,   0.6446, 0.0000)
            (  0.0000, 1.0000,   0.0000, 0.0000)
            ( -0.6446, 0.0000,  -0.7645, 0.0000)
            (-26.8569, 0.3227, -19.6633, 1.0000)>
MESH
Fence2
<Matrix 4x4 ( 0.9946, 0.0000,  0.1040, 0.0000)
            ( 0.0000, 1.0000, -0.0000, 0.0000)
            (-0.1040, 0.0000,  0.9946, 0.0000)
            (-7.0757, 0.5834, 33.5168, 1.0000)>
MESH
Fence2
<Matrix 4x4 (  0.9882, 0.0000, -0.1529, 0.0000)
            ( -0.0000, 1.0000, -0.0000, 0.0000)
            (  0.1529, 0.0000,  0.9882, 0.0000)
            (-13.6025, 0.5834, 33.5168, 1.0000)>
MESH
Fence2
<Matrix 4x4 (  0.9993, -0.0336, -0.0156, 0.0000)
            (  0.0331,  0.9989, -0.0338, 0.0000)
            (  0.0167,  0.0333,  0.9993, 0.0000)
            (-20.8507,  0.5834, 33.5168, 1.0000)>
MESH
Fence2
<Matrix 4x4 (  0.9990, 0.0000,  0.0453, 0.0000)
            (  0.0000, 1.0000, -0.0000, 0.0000)
            ( -0.0453, 0.0000,  0.9990, 0.0000)
            (-27.4656, 0.5834, 33.5168, 1.0000)>
MESH
Fence2
<Matrix 4x4 ( 0.9990, 0.0000,  0.0453, 0.0000)
            ( 0.0000, 1.0000, -0.0000, 0.0000)
            (-0.0453, 0.0000,  0.9990, 0.0000)
            (11.5055, 0.5834, 33.5168, 1.0000)>
MESH
Fence2
<Matrix 4x4 ( 0.9993, -0.0336, -0.0156, 0.0000)
            ( 0.0331,  0.9989, -0.0338, 0.0000)
            ( 0.0167,  0.0333,  0.9993, 0.0000)
            (18.1204,  0.5834, 33.5168, 1.0000)>
MESH
Fence2
<Matrix 4x4 ( 0.9882, 0.0000, -0.1529, 0.0000)
            (-0.0000, 1.0000, -0.0000, 0.0000)
            ( 0.1529, 0.0000,  0.9882, 0.0000)
            (25.3686, 0.5834, 33.5168, 1.0000)>
MESH
Fence2
<Matrix 4x4 ( 0.9946, 0.0000,  0.1040, 0.0000)
            ( 0.0000, 1.0000, -0.0000, 0.0000)
            (-0.1040, 0.0000,  0.9946, 0.0000)
            (31.8953, 0.5834, 33.5168, 1.0000)>
MESH
Fence2
<Matrix 4x4 ( -0.1241, 0.0000,  0.9923, 0.0000)
            (  0.0000, 1.0000,  0.0000, 0.0000)
            ( -0.9923, 0.0000, -0.1241, 0.0000)
            (-31.8579, 0.5834,  8.1191, 1.0000)>
MESH
Fence2
<Matrix 4x4 ( -0.0633, -0.0336,  0.9974, 0.0000)
            (  0.0311,  0.9989,  0.0356, 0.0000)
            ( -0.9975,  0.0333, -0.0622, 0.0000)
            (-32.3801,  0.5834, 14.7134, 1.0000)>
MESH
Fence2
<Matrix 4x4 (  0.0744, 0.0000,  0.9972, 0.0000)
            (  0.0000, 1.0000, -0.0000, 0.0000)
            ( -0.9972, 0.0000,  0.0744, 0.0000)
            (-32.9524, 0.5834, 21.9390, 1.0000)>
MESH
Fence2
<Matrix 4x4 ( -0.1822, 0.0000,  0.9833, 0.0000)
            (  0.0000, 1.0000,  0.0000, 0.0000)
            ( -0.9833, 0.0000, -0.1822, 0.0000)
            (-33.4677, 0.5834, 28.4453, 1.0000)>
MESH
Fence2
<Matrix 4x4 ( -0.0787, 0.0000,  0.9969, 0.0000)
            (  0.0000, 1.0000,  0.0000, 0.0000)
            ( -0.9969, 0.0000, -0.0787, 0.0000)
            (-31.2401, 0.5834, -0.1019, 1.0000)>
MESH
Fence2
<Matrix 4x4 (  0.1780, 0.0000,  0.9840, 0.0000)
            (  0.0000, 1.0000, -0.0000, 0.0000)
            ( -0.9840, 0.0000,  0.1780, 0.0000)
            (-31.4059, 0.5834, -6.6266, 1.0000)>
MESH
Fence2
<Matrix 4x4 (  0.0410, -0.0336,   0.9986, 0.0000)
            (  0.0346,  0.9989,   0.0322, 0.0000)
            ( -0.9986,  0.0333,   0.0421, 0.0000)
            (-31.5900,  0.5834, -13.8724, 1.0000)>
MESH
Fence2
<Matrix 4x4 ( -0.0200, 0.0000,   0.9998, 0.0000)
            (  0.0000, 1.0000,   0.0000, 0.0000)
            ( -0.9998, 0.0000,  -0.0200, 0.0000)
            (-31.7581, 0.5834, -20.4852, 1.0000)>
MESH
Fence2
<Matrix 4x4 (-0.0200, 0.0000,   0.9998, 0.0000)
            ( 0.0000, 1.0000,   0.0000, 0.0000)
            (-0.9998, 0.0000,  -0.0200, 0.0000)
            (32.9647, 0.5834, -20.4852, 1.0000)>
MESH
Fence2
<Matrix 4x4 ( 0.0410, -0.0336,   0.9986, 0.0000)
            ( 0.0346,  0.9989,   0.0322, 0.0000)
            (-0.9986,  0.0333,   0.0421, 0.0000)
            (33.1327,  0.5834, -13.8724, 1.0000)>
MESH
Fence2
<Matrix 4x4 ( 0.1780, 0.0000,  0.9840, 0.0000)
            ( 0.0000, 1.0000, -0.0000, 0.0000)
            (-0.9840, 0.0000,  0.1780, 0.0000)
            (33.3169, 0.5834, -6.6266, 1.0000)>
MESH
Fence2
<Matrix 4x4 (-0.0787, 0.0000,  0.9969, 0.0000)
            ( 0.0000, 1.0000,  0.0000, 0.0000)
            (-0.9969, 0.0000, -0.0787, 0.0000)
            (33.4827, 0.5834,  1.5847, 1.0000)>
MESH
Fence2
<Matrix 4x4 (-0.0787, 0.0000,  0.9969, 0.0000)
            ( 0.0000, 1.0000,  0.0000, 0.0000)
            (-0.9969, 0.0000, -0.0787, 0.0000)
            (33.4827, 0.5834, 29.8445, 1.0000)>
MESH
Fence2
<Matrix 4x4 ( 0.1780, 0.0000,  0.9840, 0.0000)
            ( 0.0000, 1.0000, -0.0000, 0.0000)
            (-0.9840, 0.0000,  0.1780, 0.0000)
            (33.3169, 0.5834, 23.3198, 1.0000)>
MESH
Fence2
<Matrix 4x4 ( 0.0410, -0.0336,  0.9986, 0.0000)
            ( 0.0346,  0.9989,  0.0322, 0.0000)
            (-0.9986,  0.0333,  0.0421, 0.0000)
            (33.1327,  0.5834, 16.0740, 1.0000)>
MESH
Fence2
<Matrix 4x4 (-0.0200, 0.0000,  0.9998, 0.0000)
            ( 0.0000, 1.0000,  0.0000, 0.0000)
            (-0.9998, 0.0000, -0.0200, 0.0000)
            (32.9647, 0.5834,  9.4612, 1.0000)>
MESH
Fence2
<Matrix 4x4 (-0.0200, 0.0000,   0.9998, 0.0000)
            ( 0.0000, 1.0000,   0.0000, 0.0000)
            (-0.9998, 0.0000,  -0.0200, 0.0000)
            (32.9647, 0.5834, -29.4070, 1.0000)>
MESH
Fence2
<Matrix 4x4 ( -0.0200, 0.0000,   0.9998, 0.0000)
            (  0.0000, 1.0000,   0.0000, 0.0000)
            ( -0.9998, 0.0000,  -0.0200, 0.0000)
            (-31.8182, 0.5834, -29.4070, 1.0000)>
MESH
Fence2
<Matrix 4x4 ( 0.9946, 0.0000,   0.1040, 0.0000)
            ( 0.0000, 1.0000,  -0.0000, 0.0000)
            (-0.1040, 0.0000,   0.9946, 0.0000)
            (31.8953, 0.5834, -33.5839, 1.0000)>
MESH
Fence2
<Matrix 4x4 ( 0.9882, 0.0000,  -0.1529, 0.0000)
            (-0.0000, 1.0000,  -0.0000, 0.0000)
            ( 0.1529, 0.0000,   0.9882, 0.0000)
            (25.3686, 0.5834, -33.5839, 1.0000)>
MESH
Fence2
<Matrix 4x4 ( 0.9993, -0.0336,  -0.0156, 0.0000)
            ( 0.0331,  0.9989,  -0.0338, 0.0000)
            ( 0.0167,  0.0333,   0.9993, 0.0000)
            (18.1204,  0.5834, -33.5839, 1.0000)>
MESH
Fence2
<Matrix 4x4 ( 0.9990, 0.0000,   0.0453, 0.0000)
            ( 0.0000, 1.0000,  -0.0000, 0.0000)
            (-0.0453, 0.0000,   0.9990, 0.0000)
            (11.5055, 0.5834, -33.5839, 1.0000)>
MESH
Fence2
<Matrix 4x4 (  0.9990, 0.0000,   0.0453, 0.0000)
            (  0.0000, 1.0000,  -0.0000, 0.0000)
            ( -0.0453, 0.0000,   0.9990, 0.0000)
            (-27.4656, 0.5834, -33.5839, 1.0000)>
MESH
Fence2
<Matrix 4x4 (  0.9993, -0.0336,  -0.0156, 0.0000)
            (  0.0331,  0.9989,  -0.0338, 0.0000)
            (  0.0167,  0.0333,   0.9993, 0.0000)
            (-20.8507,  0.5834, -33.5839, 1.0000)>
MESH
Fence2
<Matrix 4x4 (  0.9882, 0.0000,  -0.1529, 0.0000)
            ( -0.0000, 1.0000,  -0.0000, 0.0000)
            (  0.1529, 0.0000,   0.9882, 0.0000)
            (-13.6025, 0.5834, -33.5839, 1.0000)>
MESH
Fence2
<Matrix 4x4 ( 0.9946, 0.0000,   0.1040, 0.0000)
            ( 0.0000, 1.0000,  -0.0000, 0.0000)
            (-0.1040, 0.0000,   0.9946, 0.0000)
            (-7.0757, 0.5834, -33.5839, 1.0000)>
MESH
Fence2
<Matrix 4x4 ( 0.9990, 0.0000,   0.0453, 0.0000)
            ( 0.0000, 1.0000,  -0.0000, 0.0000)
            (-0.0453, 0.0000,   0.9990, 0.0000)
            ( 1.7007, 0.5834, -33.5839, 1.0000)>
MESH
PalmTree_4
<Matrix 4x4 ( -3.4197, 0.0000, -0.0000, 0.0000)
            ( -0.0000, 2.7032,  0.0000, 0.0000)
            (  0.0000, 0.0000, -3.9793, 0.0000)
            (-27.2059, 0.0000, 25.4744, 1.0000)>
MESH
PalmTree_1
<Matrix 4x4 (-16.6021,  0.0000,  -0.0000, 0.0000)
            ( -0.0000, 10.2180,   0.0000, 0.0000)
            (  0.0000,  0.0000, -17.2743, 0.0000)
            (-17.7836,  0.0000,  20.0073, 1.0000)>
MESH
PalmTree_2
<Matrix 4x4 ( -4.2608,  0.0000, -0.0000, 0.0000)
            ( -0.0000,  4.7361,  0.0000, 0.0000)
            ( -0.0000, -0.0000,  1.7912, 0.0000)
            (-12.6306,  0.0000, 24.4448, 1.0000)>
MESH
PalmTree_4
<Matrix 4x4 ( -3.4197, 0.0000, -0.0000, 0.0000)
            ( -0.0000, 2.7032,  0.0000, 0.0000)
            (  0.0000, 0.0000, -3.9793, 0.0000)
            (-25.1337, 0.0000, 18.5855, 1.0000)>
MESH
BushBerries_2
<Matrix 4x4 (177.9050, 0.0000,   0.0000, 0.0000)
            (  0.0000, 1.0000,  -0.0000, 0.0000)
            (  0.0000, 0.0000, 264.4880, 0.0000)
            (  0.0000, 0.0000,   0.0000, 1.0000)>